Columns: 41
Rows: 23
34343434343434343434343434343434343434343				
56565656565656565656565656565656565656565
34000000000000000000000000000000000000034
56000000000000000011111111100000000000056
34000000000000000000111111100000000000034
56000000000000000000011111000000000000056
34000000000000000000000000000000000000034
56000000000000000000000000000000000000056
34000000000000000000000000000000000000034
56000000000000000000000000000000000000056
34000000000000000000000000000000000000034
56000000000000000000000000000000000000056
34000000000000000000000000000000000000034
56000000000000000000000000000000000000056
34000000000000000000000000000000000000034
56000000000000000000000000000000000000056
34000000000000000000000000000000000000034
56000000000000000000000000000000000000056
34000000000000000000000000000000000000034
56000000000000000000000000000000000000056
34000000000000000000000000000000000000034
56000000000000000000000000000000000000056
34343434343434343434343434343434343434343
56565656565656565656565656565656565656565

